$ANSIBLE_VAULT;1.1;AES256
65633136356264396638313135623062626263646532383532626239353361343138353832323166
6131326238386461616332303762646238626432373466620a663166323036373462643631633564
38343334373962623438633864363135393934303163396464633862633861646631653731336563
6465323566663464620a363436326631366437396266646363333032646665363838383338613735
61363830616539636634636461633634326463633061646536663563373733386362393335363331
30656436643766313863376162613931623434366537303261663233343966643362303637633233
32316332633662323166396236616661376664323339666432623635383830626465323261303866
34343933353163346438366464613763613633313061363962373230616265313566303434656537
38643132363364643637396333643534623966663331643233626130366361363836373436333830
31333834326533643764323035326465316165396163383665363334373562313962356564313830
30313237306432313261343961613161643635316238623762336638343462363166323764303134
37653436393835393764336465336437663366623837363033343264633365343632326136346530
39386234386237336161653932656665383266343731393166353737343138333830373866386339
64393439326262653636366135626336646563353030646465616634363037386532663736396238
63336338323064323066376665623538613531626338626131656363303330313135656635353332
33323964393762306438356330306235663462616563633333303366633739363963643262343235
31376533343939393966373236393466306165616336303762303166376138643565376537353838
64366134646435353331313361373564303438626266666235323139393064303735356230663930
65646636383431393065326530633131323135356538323637623132383630333063636339633434
63633365303130396663396263306430373037633439373335353230306330663065396664383366
65303562326238366332616530383366613236393833363034383531306630363637333431626138
36346464356263366238663064663439343333366338336334633835323930643066336530623132
32613061303439366530353033333639646462643264623534616533313836623639333034656433
31326130613064653337336534336433666239613961313565633363623634633936393036356566
30333530383965326630643638376339376563316435633035356238376639386538373736396231
66343938643038333664633862383865343738336261623339366136396163656435653531356639
37643461336332383331623639663062336138336132326665323334663238623861396637653436
63616561636437303262323238376565396664323936326235396630333466633332303263666130
33386238623839363932343061343035633434636635316362343661393236366539633636666561
37623031373433643466386466356336383662336363373432356533323831303063316466633831
35343239353535626161333134366336613530636538623939623366643265343636323135313138
37623732383630366136656336646138363662636262383266353034396234633132363165666436
39643835303165326465306232326238333534336463353335316138323030333538376438323531
35306438316337323233613139663464343064386163613638383465383134396236323730633633
35633166623264343334633433363435373263386463313038363962343331343564666463366332
32646231396564326633356464333933393630653336663036613730353964633330636232396136
38303531666163306665323034316137353038353465623438353462306261636234623736376462
66646238633834373961643335643361343234363130343235386365323130643361616130356237
36396237343863393762303931653363313032363433646436613566323965343939373361623764
63633134303164666366333065313435373262363834666633643231343130333733616365396264
37656466653730303564626233383632323337323038333637656532663232623137373239393666
32633937363736313262373933396633616530313531613736336338316433376161383861313231
61393362623461376562636535393462363662353531663733393739313931626539386363633134
39646336326139666131656530323136653662333335633962656362646539353234303265663864
38376430386631663033633934613764393533616362656665333830646134356532363562386330
34666530323062633466653739383733656332646236626135373963383634653034643630623565
30303634663361313032633938333334376336373939356638656634326132373533383432653031
61376137336237626434343063636333663632346638356263323231623433386163396265313835
62373039643031653932373434343762626565303937346536373537346133383336323638636336
63386466356534396332653765313964356536343137656338616161316338643830393937633935
35326239653936323364373761366333326636646363633338623133393164663938366338653263
34613835646339616666323331373866313030376538313431626164616332656632303563336663
36653436633932383936623735303266323434363133323637653034316338333934326534353934
36333534643435373961633733353138393534646435653765356364353734646530386462366630
34633630616164613633323165376436366433393538653836373631356663316137613463346235
33363962643138313764623564366138386637336231343962633636346437386339356262353739
39393239373864373638623432656563323139313037336536613231643361393831303463376463
61336165363534316532356638353636353764646663626230316664616437383336653634663236
65643231303832333831303132633563373936623037613938643862343537323535643038646435
62666333666137643436333838633162353866643730386531353237623232353066623564326339
34643262373131373463333139313439383665303065376530393338376636646539343363656666
35646137323831633038643634633962653738643733666138343933316337326563356363636637
36663566616262323663303131666338616335613633313238306264613462386131343331353331
64373664646636663861313732623866393535313534633435366162663161616336646466323132
34643338326235336630393264343064366430656665306664396534316231643234623233393438
30393435366564303839363934616266316436356163346133313734313732373239303236373130
66386339623938646465386566306630623535663361663466393262303963333939646161666362
62333765363433623336636337663064663831376361313462623535356665616464626338373731
32643464353763393531306637353637623533643837633565373331313438356233653564323862
34626637656664663963366439373637393232626664386630383962343836633164333938356461
39373463663334393265363730663834646263313732303039326261393866313934353937616634
63333631303262353662303863653338396138646436336136643231356433366363356463376136
33373531326239323066303361346162646537663739326562356264646663636435383039623632
66393663313833333135663834356432323734653537613830386437386538616430353931656166
63653635383663626434333635383534316565386464346433646333616564343636373166343338
66303238306663386536313661306564343239343135663231366630313961363639613761633266
61353431313133383232613161626234653762373862643233383435646665336530636538643666
35666264323865616434386566323062633462333530336265366530386330393837393238313137
33643833666532663532656461363630646231613633393139346664646464323135653861613661
38613532366333363265323035623337633461383038303061326561323837316338353931613438
33653330393434373931313833663361643938633466643664623535666135353465366230643631
35643662313366623564653637326363343639646437373866313365653336323863393737643433
34613135393065363366633432313133323762353939313536353563623837666534386562353066
64343734383165333464666362343936323936353265343130336164666138666361306461326366
37393537346565656265643163656663616238373363386230353862386632343236313364306536
33303039353432323761666130666431626232656431336661613862336166613135313139613133
66616135393364316132623738623233666130623761623762393531646235366334346134623262
33323034393135333333613338336661666639353763336363323965333264323433663436343462
38353938313239336533376661656266343838656338313964646463343633643438313437336534
34323130303066313032343135323736643430656561653235316232313435303931373032623338
62323438343435396437653861363364333934306231303431323237646132653162633565393734
63366663333239623866356131313730383565333934623363376363336131366138333431323936
35346334316138333633396331626636653730613235326636326534376463613937316433373337
36313861616239626338336135353761386531383732333836356436633463323430666535663733
35353030653338316461663561366133633264633430366137663738336234336466626538336365
61383538636462393661326664613431353862613665656234366535316563353566353332643465
65323861653934643261353563353533653534633133346166306437376236343231316263316665
34356563656137333135646162343962633734366339366536393137376362373334393464666538
34353636363064626165623862326161393734613134656165383765653138323835393664356530
36663231303232343863396564376339373666303062616165663938363233316334303935366637
33303562653236626566376266303739613632373462656536346637363565343831623165353830
61613832663462393636333937653332376430323366636538313265333634333039386534356562
65643835383366313763386361366338633139336435356339383739316136306166386166343561
63323930306437373166303034636533386462313631363662626233613765363038396238623438
64363337653236613432393861366237643163616362363161613363363261656362626335313432
38363334333532353630333337313063666338303462666233626539313630613663356436626130
65353236353432636434336136346362346664393435343166663964633662353038646235343732
63613864626634303930636231646236643232653137356332313338323439643932363234663062
62633136333737376530396234343964636634313636616539623932623830663633623638363636
31343932653762346339343335333266366333303535363733343061656136333639363963376132
37356331316534636130663139353337646332356163623164646363656262343663353334376439
61633664613462613338356137316361346361663864356534616137343566613932363036313636
3536
